% SWDs following increasing TCfo inhibition
% 0.001395 0.0015
nSWDs = [28 20];
meanSWDduration = [9.52 8.84];
meanEEGpsi = [0.706456639048175 0.545522180830383];
psiRasterAllCI95_SWDs_L = [-1.30488283766592e-05 -2.03745445460669e-05];
psiRasterAllCI95_SWDs_U = [1.30488283766592e-05 2.03745445460668e-05];



% SWDs following IT increases in TCho
% 1.05
nSWDs = [31];
meanEEGpsi = [0.581463537765033];
psiRasterAllCI95_SWDs_L = [-1.20343968597944e-05];
psiRasterAllCI95_SWDs_U = [1.20343968597944e-05];